0.0000000000e+00 	-1.2886877435e-17 	1.1343135562e-17 
1.1765094135e-01 	-1.2903906161e-17 	1.1312098134e-17 
2.4706697845e-01 	-1.2922598978e-17 	1.1277948849e-17 
3.8942462400e-01 	-1.2943114210e-17 	1.1240374945e-17 
5.4601804297e-01 	-1.2965624339e-17 	1.1199032092e-17 
7.1827081876e-01 	-1.2990317076e-17 	1.1153541203e-17 
9.0774889573e-01 	-1.3017396455e-17 	1.1103484883e-17 
1.1161748169e+00 	-1.3047083990e-17 	1.1048403558e-17 
1.3454433841e+00 	-1.3079619799e-17 	1.0987791195e-17 
1.5976388866e+00 	-1.3115263755e-17 	1.0921090590e-17 
1.8750540518e+00 	-1.3154296598e-17 	1.0847688190e-17 
2.1802108943e+00 	-1.3197020983e-17 	1.0766908404e-17 
2.5158836464e+00 	-1.3243762426e-17 	1.0678007361e-17 
2.8851239878e+00 	-1.3294870120e-17 	1.0580166061e-17 
3.2912888001e+00 	-1.3350717526e-17 	1.0472482884e-17 
3.7380706960e+00 	-1.3411702695e-17 	1.0353965421e-17 
4.2295316098e+00 	-1.3478248227e-17 	1.0223521579e-17 
4.7701397474e+00 	-1.3550800750e-17 	1.0079949928e-17 
5.3648102452e+00 	-1.3629829827e-17 	9.9219293007e-18 
6.0189498970e+00 	-1.3715826111e-17 	9.7480076434e-18 
6.7385063705e+00 	-1.3809298606e-17 	9.5565901274e-18 
7.5300223602e+00 	-1.3910770849e-17 	9.3459266990e-18 
8.4006951803e+00 	-1.4020775815e-17 	9.1140991107e-18 
9.3584423443e+00 	-1.4139849312e-17 	8.8590077671e-18 
1.0411973744e+01 	-1.4268521656e-17 	8.5783587321e-18 
1.1570871099e+01 	-1.4407307496e-17 	8.2696514172e-18 
1.2845675422e+01 	-1.4556693524e-17 	7.9301677758e-18 
1.4247983330e+01 	-1.4717124184e-17 	7.5569640237e-18 
1.5790553103e+01 	-1.4888985405e-17 	7.1468664293e-18 
1.7487421528e+01 	-1.5072586881e-17 	6.6964731395e-18 
1.9354032653e+01 	-1.5268143804e-17 	6.2021648104e-18 
2.1407379704e+01 	-1.5475759706e-17 	5.6601275863e-18 
2.3666161616e+01 	-1.5695413194e-17 	5.0663932024e-18 
2.6150955738e+01 	-1.5926953074e-17 	4.4169023598e-18 
2.8884408529e+01 	-1.6170108757e-17 	3.7075991611e-18 
3.1891446286e+01 	-1.6424526607e-17 	2.9345665347e-18 
3.5199508220e+01 	-1.6689848139e-17 	2.0942146243e-18 
3.8838804550e+01 	-1.6965853673e-17 	1.1835364008e-18 
4.2842602701e+01 	-1.7071885026e-17 	5.3087837969e-20 
4.6847060697e+01 	-1.7129270379e-17 	-1.0818399119e-18 
5.0852241042e+01 	-1.6943231813e-17 	-2.3730936313e-18 
5.4493993703e+01 	-1.6892538682e-17 	-3.4156508798e-18 
5.8136442513e+01 	-1.6799894489e-17 	-4.4553268607e-18 
6.1779634976e+01 	-1.6665129503e-17 	-5.4900542629e-18 
6.5423618797e+01 	-1.6488136640e-17 	-6.5177460136e-18 
6.9068441888e+01 	-1.6268873453e-17 	-7.5362965796e-18 
7.2714152389e+01 	-1.6007364202e-17 	-8.5435833935e-18 
7.6360798677e+01 	-1.5415636991e-17 	-9.7330006999e-18 
7.9676784623e+01 	-1.5085948477e-17 	-1.0629204233e-17 
8.2993620850e+01 	-1.4721150404e-17 	-1.1510558737e-17 
8.6311344266e+01 	-1.4321481141e-17 	-1.2375401269e-17 
8.9629991973e+01 	-1.3887234862e-17 	-1.3222062335e-17 
9.2949601277e+01 	-1.3418763549e-17 	-1.4048867368e-17 
9.6270209696e+01 	-1.2916479096e-17 	-1.4854138326e-17 
9.9591854965e+01 	-1.2000278058e-17 	-1.5843652209e-17 
1.0261246417e+02 	-1.1467599315e-17 	-1.6535447792e-17 
1.0563399034e+02 	-1.0907914864e-17 	-1.7204966588e-17 
1.0865646232e+02 	-1.0321743708e-17 	-1.7850928275e-17 
1.1167990916e+02 	-9.7096558879e-18 	-1.8472057202e-17 
1.1470436004e+02 	-9.0722742520e-18 	-1.9067084285e-17 
1.1772984435e+02 	-8.4102762678e-18 	-1.9634749086e-17 
1.2075639166e+02 	-7.2640883732e-18 	-2.0367491755e-17 
1.2350874578e+02 	-6.6046685725e-18 	-2.0830711262e-17 
1.2626202550e+02 	-5.9266807700e-18 	-2.1267895017e-17 
1.2901625344e+02 	-5.2308314309e-18 	-2.1678124515e-17 
1.3177145240e+02 	-4.5178723108e-18 	-2.2060496856e-17 
1.3452764527e+02 	-3.7886015410e-18 	-2.2414127084e-17 
1.3728485513e+02 	-3.0438646529e-18 	-2.2738150719e-17 
1.4004310518e+02 	-1.7653917573e-18 	-2.3191993522e-17 
1.4255152752e+02 	-1.0499998219e-18 	-2.3428183995e-17 
1.4506084648e+02 	-3.2416274144e-19 	-2.3637548395e-17 
1.4757107984e+02 	4.1131296715e-19 	-2.3819513061e-17 
1.5008224548e+02 	1.1555849518e-18 	-2.3973529802e-17 
1.5259436137e+02 	1.9077750350e-18 	-2.4099078342e-17 
1.5510744562e+02 	2.6669694137e-18 	-2.4195668864e-17 
1.5762151645e+02 	3.4322190584e-18 	-2.4262844661e-17 
1.6013659218e+02 	4.2025403428e-18 	-2.4300184900e-17 
1.6265269126e+02 	4.9769159357e-18 	-2.4307307456e-17 
1.6516983226e+02 	6.3390243985e-18 	-2.4380122862e-17 
1.6745906212e+02 	7.0566010258e-18 	-2.4325830734e-17 
1.6974918264e+02 	7.7746280644e-18 	-2.4245576285e-17 
1.7204020802e+02 	8.4922271921e-18 	-2.4139215400e-17 
1.7433215257e+02 	9.2085028353e-18 	-2.4006641632e-17 
1.7662503067e+02 	9.9225441065e-18 	-2.3847787984e-17 
1.7891885678e+02 	1.0633426976e-17 	-2.3662628554e-17 
1.8121364546e+02 	1.1340216705e-17 	-2.3451180093e-17 
1.8350941136e+02 	1.2041970538e-17 	-2.3213503364e-17 
1.8580616921e+02 	1.2737740638e-17 	-2.2949704321e-17 
1.8810393383e+02 	1.3426577280e-17 	-2.2659935036e-17 
1.9040272015e+02 	1.4107532242e-17 	-2.2344394329e-17 
1.9270254316e+02 	1.4779662477e-17 	-2.2003328096e-17 
1.9500341796e+02 	1.5442033869e-17 	-2.1637029250e-17 
1.9730535974e+02 	1.6093725248e-17 	-2.1245837255e-17 
1.9960838378e+02 	1.6733832427e-17 	-2.0830137210e-17 
2.0191250546e+02 	1.7361472337e-17 	-2.0390358427e-17 
2.0421774025e+02 	1.7975787154e-17 	-1.9926972534e-17 
2.0652410370e+02 	1.8575948348e-17 	-1.9440490962e-17 
2.0883161147e+02 	1.9161160595e-17 	-1.8931461931e-17 
2.1114027930e+02 	1.9730665436e-17 	-1.8400466849e-17 
2.1345012305e+02 	1.9603476678e-17 	-1.7915677303e-17 
2.1599232837e+02 	2.0194245843e-17 	-1.7292414842e-17 
2.1853599717e+02 	2.0764254349e-17 	-1.6644612092e-17 
2.2108115092e+02 	2.0573414898e-17 	-1.6072794086e-17 
2.2388256097e+02 	2.0348457610e-17 	-1.5434456753e-17 
2.2696625209e+02 	2.0085601601e-17 	-1.4719690405e-17 
2.3036094678e+02 	2.1608741168e-17 	-1.3603946655e-17 
2.3344947028e+02 	2.3646360801e-17 	-1.2407218528e-17 
2.3600375001e+02 	2.4693138181e-17 	-1.1488415998e-17 
2.3832724130e+02 	2.5036948588e-17 	-1.0747983604e-17 
2.4065210131e+02 	2.5924539104e-17 	-9.8721752473e-18 
2.4276681243e+02 	2.6700172187e-17 	-9.0590515270e-18 
2.4469028165e+02 	2.6922295769e-17 	-8.4119726644e-18 
2.4661471760e+02 	2.7580512103e-17 	-7.6502253614e-18 
2.4836505190e+02 	2.8156351527e-17 	-6.9482413620e-18 
2.4995697133e+02 	2.8295641413e-17 	-6.3931830817e-18 
2.5154956926e+02 	2.8785847657e-17 	-5.7420510526e-18 
2.5299797898e+02 	2.9215614493e-17 	-5.1445957986e-18 
2.5431520917e+02 	2.9859753192e-17 	-4.5272727637e-18 
2.5540418660e+02 	2.9919537931e-17 	-4.1352718211e-18 
2.5649348941e+02 	2.9711454757e-17 	-3.8113083396e-18 
2.5769210043e+02 	2.9481163294e-17 	-3.4524629644e-18 
2.5901103262e+02 	2.9226171552e-17 	-3.0545772152e-18 
2.6046241834e+02 	2.8943668871e-17 	-2.6129048882e-18 
2.6205962553e+02 	2.9000489093e-17 	-2.0207618193e-18 
2.6365755359e+02 	2.9046123436e-17 	-1.4238285543e-18 
2.6525620815e+02 	2.8719090055e-17 	-9.2319762053e-19 
2.6701557403e+02 	2.8748426097e-17 	-2.5563789219e-19 
2.6877583336e+02 	2.8763744185e-17 	4.1770069153e-19 
2.7053699371e+02 	2.8764825515e-17 	1.0967704684e-18 
2.7229906264e+02 	2.8751429990e-17 	1.7815101908e-18 
2.7406204773e+02 	2.8352066579e-17 	2.3625403558e-18 
2.7600239856e+02 	2.8309586152e-17 	3.1285164147e-18 
2.7794387726e+02 	2.8248546695e-17 	3.9009312737e-18 
2.7988649396e+02 	2.8168528300e-17 	4.6795595828e-18 
2.8183025881e+02 	2.8069090625e-17 	5.4641303078e-18 
2.8377518197e+02 	2.7949776403e-17 	6.2543219020e-18 
2.8572127358e+02 	2.7440406900e-17 	6.9310542112e-18 
2.8786333607e+02 	2.7269959536e-17 	7.8113215629e-18 
2.9000683821e+02 	2.7073745453e-17 	8.6965842609e-18 
2.9215179353e+02 	2.6851137609e-17 	9.5860727025e-18 
2.9429821554e+02 	2.6601519390e-17 	1.0478922611e-17 
2.9644611774e+02 	2.6324292562e-17 	1.1374173120e-17 
2.9859551359e+02 	2.6018885356e-17 	1.2270766059e-17 
3.0074641655e+02 	2.5336070012e-17 	1.3031844057e-17 
3.0311416652e+02 	2.4944555249e-17 	1.4015255176e-17 
3.0548377410e+02 	2.4517328212e-17 	1.4995383556e-17 
3.0785525704e+02 	2.3703257390e-17 	1.5815210271e-17 
3.1046607535e+02 	2.3163913789e-17 	1.6876392570e-17 
3.1307920754e+02 	2.2222809774e-17 	1.7749423463e-17 
3.1595635315e+02 	2.1170224326e-17 	1.8685319307e-17 
3.1912451603e+02 	1.9993171187e-17 	1.9679953819e-17 
3.2261353818e+02 	1.9079485800e-17 	2.0974867727e-17 
3.2610684720e+02 	1.8428907614e-17 	2.2456927913e-17 
3.2928634657e+02 	1.7440166430e-17 	2.3550483897e-17 
3.3246947038e+02 	1.6654249103e-17 	2.4814310498e-17 
3.3536639628e+02 	1.5628015869e-17 	2.5716565854e-17 
3.3826637657e+02 	1.4756231958e-17 	2.6773394850e-17 
3.4090539570e+02 	1.3723198621e-17 	2.7499500148e-17 
3.4354698154e+02 	1.2654173177e-17 	2.8175232824e-17 
3.4619115356e+02 	1.1551048260e-17 	2.8797233707e-17 
3.4883793069e+02 	1.0415895672e-17 	2.9362214232e-17 
3.5148733130e+02 	9.2509626754e-18 	2.9866971178e-17 
3.5413937315e+02 	8.0586680532e-18 	3.0308400876e-17 
3.5679407338e+02 	6.8415979627e-18 	3.0683513088e-17 
3.5945144841e+02 	5.6025016013e-18 	3.0989444495e-17 
3.6211151397e+02 	4.3442867236e-18 	3.1223472024e-17 
3.6477428499e+02 	3.0700150113e-18 	3.1383025919e-17 
3.6743977558e+02 	1.7828971894e-18 	3.1465702786e-17 
3.7010799900e+02 	4.8628794688e-19 	3.1469278559e-17 
3.7277896757e+02 	-8.1631951112e-19 	3.1391721495e-17 
3.7545269268e+02 	-2.1212991809e-18 	3.1231205213e-17 
3.7812918467e+02 	-3.4248985678e-18 	3.0986121826e-17 
3.8080845284e+02 	-4.7232453896e-18 	3.0655095142e-17 
3.8349050537e+02 	-6.0123549820e-18 	3.0236993928e-17 
3.8617534925e+02 	-7.2881383827e-18 	2.9730945244e-17 
3.8886299027e+02 	-8.5464111703e-18 	2.9136347764e-17 
3.9155343294e+02 	-9.8656819588e-18 	2.8557711560e-17 
3.9400172381e+02 	-1.0973310093e-17 	2.7849619028e-17 
3.9645233414e+02 	-1.2055218676e-17 	2.7067866388e-17 
3.9890526437e+02 	-1.3108032702e-17 	2.6212908784e-17 
4.0136051392e+02 	-1.4128351805e-17 	2.5285430687e-17 
4.0381808117e+02 	-1.5112759425e-17 	2.4286353041e-17 
4.0627796344e+02 	-1.6057832724e-17 	2.3216840024e-17 
4.0874015694e+02 	-1.6960153048e-17 	2.2078305342e-17 
4.1120465676e+02 	-1.7816317209e-17 	2.0872417981e-17 
4.1367145682e+02 	-1.8622949314e-17 	1.9601107346e-17 
4.1614054985e+02 	-1.9376713358e-17 	1.8266567646e-17 
4.1861192738e+02 	-2.0074326412e-17 	1.6871261486e-17 
4.2108557970e+02 	-2.0712572450e-17 	1.5417922577e-17 
4.2356149583e+02 	-2.1288316760e-17 	1.3909557420e-17 
4.2603966351e+02 	-2.1798520906e-17 	1.2349445946e-17 
4.2852006916e+02 	-2.2240258200e-17 	1.0741140936e-17 
4.3100269791e+02 	-2.2610729576e-17 	9.0884662458e-18 
4.3348753351e+02 	-2.2907279890e-17 	7.3955136662e-18 
4.3597455840e+02 	-2.3171915581e-17 	5.5713960688e-18 
4.3823737398e+02 	-2.3294070977e-17 	3.9624711171e-18 
4.4050196801e+02 	-2.3348721628e-17 	2.3314761682e-18 
4.4276832434e+02 	-2.3334407844e-17 	6.8224962581e-19 
4.4503642584e+02 	-2.3249824955e-17 	-9.8121130085e-19 
4.4730625448e+02 	-2.3093833911e-17 	-2.6547580568e-18 
4.4957779123e+02 	-2.2865471722e-17 	-4.3340991833e-18 
4.5185101617e+02 	-2.2563961810e-17 	-6.0148097666e-18 
4.5412590839e+02 	-2.2138439107e-17 	-7.8446800128e-18 
4.5619542072e+02 	-2.1719624989e-17 	-9.3694770613e-18 
4.5826627589e+02 	-2.1238841700e-17 	-1.0883923495e-17 
4.6033845622e+02 	-2.0696124173e-17 	-1.2384365057e-17 
4.6241194341e+02 	-2.0091667518e-17 	-1.3867096256e-17 
4.6448671854e+02 	-1.9425832422e-17 	-1.5328369728e-17 
4.6656276208e+02 	-1.8573418893e-17 	-1.6932904332e-17 
4.6845115817e+02 	-1.7846731021e-17 	-1.8216866143e-17 
4.7034057038e+02 	-1.7070599568e-17 	-1.9473639135e-17 
4.7223098278e+02 	-1.6245822434e-17 	-2.0700343001e-17 
4.7412237908e+02 	-1.5373327039e-17 	-2.1894104457e-17 
4.7601474257e+02 	-1.4454172692e-17 	-2.3052064928e-17 
4.7790805621e+02 	-1.3295532602e-17 	-2.4338801871e-17 
4.7963006028e+02 	-1.2367050702e-17 	-2.5321631842e-17 
4.8135282188e+02 	-1.1402956838e-17 	-2.6267815377e-17 
4.8307632744e+02 	-1.0404457602e-17 	-2.7175294715e-17 
4.8480056316e+02 	-9.3728563673e-18 	-2.8042050463e-17 
4.8652551504e+02 	-8.3095538470e-18 	-2.8866107530e-17 
4.8825116885e+02 	-6.9657558677e-18 	-2.9799116740e-17 
4.8982054202e+02 	-5.9349518595e-18 	-3.0466662912e-17 
4.9139047239e+02 	-4.8816791664e-18 	-3.1094142364e-17 
4.9296094885e+02 	-3.8072895973e-18 	-3.1680237470e-17 
4.9453196015e+02 	-2.7132023653e-18 	-3.2223682402e-17 
4.9610349494e+02 	-1.6009035646e-18 	-3.2723267519e-17 
4.9767554173e+02 	-1.7978726282e-19 	-3.3309206810e-17 
4.9910510973e+02 	8.6967274510e-19 	-3.3680419057e-17 
5.0053508250e+02 	1.9302958566e-18 	-3.4012536897e-17 
5.0196545119e+02 	3.0007628053e-18 	-3.4304844847e-17 
5.0339620688e+02 	4.0797116541e-18 	-3.4556681749e-17 
5.0482734058e+02 	5.1657389556e-18 	-3.4767443888e-17 
5.0625884323e+02 	6.2574011448e-18 	-3.4936588142e-17 
5.0769070573e+02 	7.6812017635e-18 	-3.5165177256e-17 
5.0899270347e+02 	8.6877026212e-18 	-3.5240716165e-17 
5.1029498411e+02 	9.6951235333e-18 	-3.5280684035e-17 
5.1159754069e+02 	1.0702263326e-17 	-3.5284873167e-17 
5.1290036623e+02 	1.1707899947e-17 	-3.5253128346e-17 
5.1420345371e+02 	1.2710792289e-17 	-3.5185348892e-17 
5.1550679608e+02 	1.3709682208e-17 	-3.5081490547e-17 
5.1681038626e+02 	1.5049354622e-17 	-3.5010866198e-17 
5.1799567733e+02 	1.5952820399e-17 	-3.4848911113e-17 
5.1918116199e+02 	1.6849750981e-17 	-3.4657196294e-17 
5.2036683489e+02 	1.7739158554e-17 	-3.4435869628e-17 
5.2155269063e+02 	1.8620052258e-17 	-3.4185123698e-17 
5.2273872385e+02 	1.9491440225e-17 	-3.3905196634e-17 
5.2392492913e+02 	2.0352331821e-17 	-3.3596372870e-17 
5.2511130106e+02 	2.1201739934e-17 	-3.3258983734e-17 
5.2629783423e+02 	2.2038683499e-17 	-3.2893407968e-17 
5.2748452321e+02 	2.2862190029e-17 	-3.2500072017e-17 
5.2867136256e+02 	2.4031621239e-17 	-3.2106332372e-17 
5.2975043333e+02 	2.4757196594e-17 	-3.1697078445e-17 
5.3082961978e+02 	2.5469213139e-17 	-3.1266096983e-17 
5.3190891783e+02 	2.6166979321e-17 	-3.0813853517e-17 
5.3298832336e+02 	2.6849819386e-17 	-3.0340845724e-17 
5.3406783229e+02 	2.7517075375e-17 	-2.9847602860e-17 
5.3514744050e+02 	2.8168109164e-17 	-2.9334684972e-17 
5.3622714390e+02 	2.8802304513e-17 	-2.8802682040e-17 
5.3730693839e+02 	2.9419069143e-17 	-2.8252212840e-17 
5.3838681985e+02 	3.0017836767e-17 	-2.7683923717e-17 
5.3946678420e+02 	3.0598069135e-17 	-2.7098487114e-17 
5.4054682733e+02 	3.1159258010e-17 	-2.6496599897e-17 
5.4162694513e+02 	3.1700927106e-17 	-2.5878981543e-17 
5.4270713352e+02 	3.2222633911e-17 	-2.5246372078e-17 
5.4378738839e+02 	3.2723971444e-17 	-2.4599529851e-17 
5.4486770565e+02 	3.3204569892e-17 	-2.3939229092e-17 
5.4594808122e+02 	3.3664098086e-17 	-2.3266257299e-17 
5.4702851101e+02 	3.4102264807e-17 	-2.2581412448e-17 
5.4810899093e+02 	3.4518819950e-17 	-2.1885500032e-17 
5.4918951692e+02 	3.4524812754e-17 	-2.1219720275e-17 
5.5037814384e+02 	3.4934363808e-17 	-2.0435226659e-17 
5.5156681616e+02 	3.4891513798e-17 	-1.9691236220e-17 
5.5287440168e+02 	3.4816694749e-17 	-1.8868849342e-17 
5.5431279307e+02 	3.5678172445e-17 	-1.7827307695e-17 
5.5562045683e+02 	3.6805203362e-17 	-1.6808881209e-17 
5.5670119074e+02 	3.7391406758e-17 	-1.6000838215e-17 
5.5768368823e+02 	3.7902073919e-17 	-1.5259507878e-17 
5.5857687514e+02 	3.8347761308e-17 	-1.4580722758e-17 
5.5938886737e+02 	3.8481719336e-17 	-1.4003238320e-17 
5.6020086177e+02 	3.8857908768e-17 	-1.3380804462e-17 
5.6093903895e+02 	3.9187086751e-17 	-1.2812829128e-17 
5.6161010837e+02 	3.9475731213e-17 	-1.2295017273e-17 
5.6222017005e+02 	3.9729361624e-17 	-1.1823274366e-17 
5.6277476976e+02 	3.9952684354e-17 	-1.1393741292e-17 
5.6327894935e+02 	4.0290541187e-17 	-1.0976254935e-17 
5.6369562498e+02 	4.0180608928e-17 	-1.0703753836e-17 
5.6415396610e+02 	4.0057046092e-17 	-1.0404413404e-17 
5.6465813845e+02 	3.9918006754e-17 	-1.0075625306e-17 
5.6521272411e+02 	3.9761381195e-17 	-9.7145305270e-18 
5.6582276295e+02 	3.9787067581e-17 	-9.2784799525e-18 
5.6643279545e+02 	3.9605049946e-17 	-8.8825835092e-18 
5.6710382304e+02 	3.9620115246e-17 	-8.4042205066e-18 
5.6777484116e+02 	3.9627680440e-17 	-7.9265534753e-18 
5.6844584887e+02 	3.9627849391e-17 	-7.4496577456e-18 
5.6911684522e+02 	3.9620726959e-17 	-6.9736014675e-18 
5.6978782928e+02 	3.9391228351e-17 	-6.5423468248e-18 
5.7052589641e+02 	3.9368752298e-17 	-6.0207425561e-18 
5.7126394627e+02 	3.9337867206e-17 	-5.5003117569e-18 
5.7200197762e+02 	3.9298711148e-17 	-4.9811082229e-18 
5.7273998921e+02 	3.9251420860e-17 	-4.4631761816e-18 
5.7347797979e+02 	3.9196131357e-17 	-3.9465506457e-18 
5.7421594813e+02 	3.9132975308e-17 	-3.4312577770e-18 
5.7495389299e+02 	3.9062082581e-17 	-2.9173152760e-18 
5.7569181313e+02 	3.8983579783e-17 	-2.4047328471e-18 
5.7642970731e+02 	3.8897589821e-17 	-1.8935126809e-18 
5.7716757431e+02 	3.8584002747e-17 	-1.4293168182e-18 
5.7797919514e+02 	3.8474796392e-17 	-8.6953654153e-19 
5.7879077995e+02 	3.8356961169e-17 	-3.1132951887e-19 
5.7960232712e+02 	3.8230633574e-17 	2.4533133271e-19 
5.8041383501e+02 	3.8095942390e-17 	8.0047942415e-19 
5.8122530201e+02 	3.7953008419e-17 	1.3541534616e-18 
5.8203672649e+02 	3.8010981199e-17 	1.9487258428e-18 
5.8277434686e+02 	3.8380793838e-17 	2.5540970599e-18 
5.8332850723e+02 	3.8108729703e-17 	2.8965105572e-18 
5.8393805846e+02 	3.7807448862e-17 	3.2733978213e-18 
5.8460853355e+02 	3.7473642410e-17 	3.6882987354e-18 
5.8534601728e+02 	3.7103595003e-17 	4.1451312545e-18 
5.8615720095e+02 	3.6693128499e-17 	4.6482306941e-18 
5.8704944253e+02 	3.6476531359e-17 	5.2479736642e-18 
5.8794161873e+02 	3.6250773693e-17 	5.8463738239e-18 
5.8883372742e+02 	3.6015917971e-17 	6.4434724065e-18 
5.8972576650e+02 	3.5772017198e-17 	7.0393021777e-18 
5.9061773385e+02 	3.5519115738e-17 	7.6338859799e-18 
5.9150962739e+02 	3.5257250238e-17 	8.2272354177e-18 
5.9240144500e+02 	3.4761998366e-17 	8.7786266285e-18 
5.9338235421e+02 	3.4456477808e-17 	9.4292842839e-18 
5.9436316626e+02 	3.4140200577e-17 	1.0078341811e-17 
5.9534387839e+02 	3.3813189587e-17 	1.0725733151e-17 
5.9632448784e+02 	3.3475464871e-17 	1.1371369268e-17 
5.9730499187e+02 	3.2894782248e-17 	1.1974464135e-17 
5.9838342128e+02 	3.2502413275e-17 	1.2680871681e-17 
5.9946171617e+02 	3.2097170139e-17 	1.3384548086e-17 
6.0053987295e+02 	3.1679092887e-17 	1.4085238298e-17 
6.0161788799e+02 	3.1007082635e-17 	1.4740364474e-17 
6.0280353654e+02 	3.0522423429e-17 	1.5503593804e-17 
6.0398900450e+02 	2.9766130235e-17 	1.6216283582e-17 
6.0529280498e+02 	2.9203654107e-17 	1.7043996720e-17 
6.0659637491e+02 	2.8352097091e-17 	1.7814363659e-17 
6.0803002808e+02 	2.7407770634e-17 	1.8651793159e-17 
6.0960670571e+02 	2.6360607139e-17 	1.9558682096e-17 
6.1134062600e+02 	2.5532647210e-17 	2.0602924435e-17 
6.1307408687e+02 	2.4969467698e-17 	2.1689108957e-17 
6.1464954960e+02 	2.4417254926e-17 	2.2660201210e-17 
6.1608143961e+02 	2.3653350535e-17 	2.3472029110e-17 
6.1751298910e+02 	2.3094567071e-17 	2.4323427966e-17 
6.1881409553e+02 	2.2363769037e-17 	2.5029076291e-17 
6.2011490800e+02 	2.1619926694e-17 	2.5717498174e-17 
6.2141542061e+02 	2.0863781046e-17 	2.6387737984e-17 
6.2271562746e+02 	2.0096109487e-17 	2.7038862411e-17 
6.2401552272e+02 	1.9317722238e-17 	2.7669965607e-17 
6.2531510059e+02 	1.8529458674e-17 	2.8280173894e-17 
6.2661435530e+02 	1.7732183488e-17 	2.8868649904e-17 
6.2791328112e+02 	1.6926782843e-17 	2.9434596238e-17 
6.2921187237e+02 	1.6114160444e-17 	2.9977258628e-17 
6.3051012340e+02 	1.5295233744e-17 	3.0495928556e-17 
6.3180802860e+02 	1.4470930159e-17 	3.0989945454e-17 
6.3310558242e+02 	1.3642183440e-17 	3.1458698377e-17 
6.3440277933e+02 	1.2809930179e-17 	3.1901627310e-17 
6.3569961387e+02 	1.1975106501e-17 	3.2318224041e-17 
6.3699608059e+02 	1.1138644923e-17 	3.2708032633e-17 
6.3829217412e+02 	1.0301471453e-17 	3.3070649639e-17 
6.3958788911e+02 	9.4645028800e-18 	3.3405723911e-17 
6.4088322027e+02 	8.6286442730e-18 	3.3712956207e-17 
6.4217816237e+02 	7.7947867059e-18 	3.3992098545e-17 
6.4347271019e+02 	6.9638052403e-18 	3.4242953292e-17 
6.4476685861e+02 	6.0462399927e-18 	3.4371299962e-17 
6.4618995448e+02 	5.1480637486e-18 	3.4581648530e-17 
6.4761255419e+02 	4.2563902001e-18 	3.4757502805e-17 
6.4903465111e+02 	3.3722644291e-18 	3.4898863150e-17 
6.5045623869e+02 	2.4966977525e-18 	3.5005792924e-17 
6.5187731046e+02 	1.6306663584e-18 	3.5078415892e-17 
6.5329786004e+02 	7.7511018698e-19 	3.5116913674e-17 
6.5471788110e+02 	-6.9067892359e-20 	3.5121523010e-17 
6.5613736743e+02 	-9.4720750012e-19 	3.4980706160e-17 
6.5769817745e+02 	-1.8407139181e-18 	3.4909809048e-17 
6.5925832498e+02 	-2.7175749373e-18 	3.4799323494e-17 
6.6081780208e+02 	-3.5768052463e-18 	3.4649828374e-17 
6.6237660098e+02 	-4.4174750258e-18 	3.4461962515e-17 
6.6393471402e+02 	-5.2387097134e-18 	3.4236420652e-17 
6.6549213369e+02 	-6.0396895117e-18 	3.3973949536e-17 
6.6704885260e+02 	-6.8257290961e-18 	3.3551130708e-17 
6.6876042540e+02 	-7.6526602239e-18 	3.3182301201e-17 
6.7047113209e+02 	-8.4527374356e-18 	3.2772091226e-17 
6.7218096344e+02 	-9.2251623232e-18 	3.2321722747e-17 
6.7388991045e+02 	-9.9692093796e-18 	3.1832466634e-17 
6.7559796431e+02 	-1.0684224317e-17 	3.1305637666e-17 
6.7730511645e+02 	-1.1342872297e-17 	3.0611162902e-17 
6.7918193235e+02 	-1.2057185400e-17 	2.9953060245e-17 
6.8105763624e+02 	-1.2734853667e-17 	2.9254849234e-17 
6.8293221765e+02 	-1.3375369118e-17 	2.8518447139e-17 
6.8480566641e+02 	-1.3978313120e-17 	2.7745802394e-17 
6.8667797273e+02 	-1.4543353332e-17 	2.6938888547e-17 
6.8854912713e+02 	-1.5016264098e-17 	2.5967198767e-17 
6.9060605561e+02 	-1.5548711004e-17 	2.5011814822e-17 
6.9266156754e+02 	-1.6035174675e-17 	2.4022607138e-17 
6.9471565174e+02 	-1.6475635493e-17 	2.3002251450e-17 
6.9676829757e+02 	-1.6870176687e-17 	2.1953421476e-17 
6.9881949484e+02 	-1.7149875777e-17 	2.0749046675e-17 
7.0107412727e+02 	-1.7480544272e-17 	1.9544014589e-17 
7.0332698315e+02 	-1.7757283723e-17 	1.8314533377e-17 
7.0557805109e+02 	-1.7980689355e-17 	1.7064042134e-17 
7.0782732045e+02 	-1.8151471684e-17 	1.5795930665e-17 
7.1007478132e+02 	-1.8270449417e-17 	1.4513531459e-17 
7.1232042451e+02 	-1.8269311171e-17 	1.3103451802e-17 
7.1478852256e+02 	-1.8290039401e-17 	1.1676585283e-17 
7.1725440081e+02 	-1.8252540835e-17 	1.0244393579e-17 
7.1971805009e+02 	-1.8158379109e-17 	8.8108814787e-18 
7.2217946227e+02 	-1.8009224622e-17 	7.3799232148e-18 
7.2463863026e+02 	-1.7806844251e-17 	5.9552552911e-18 
7.2709554796e+02 	-1.7510436370e-17 	4.4439437122e-18 
7.2979555232e+02 	-1.7182638570e-17 	2.9086861707e-18 
7.3249282231e+02 	-1.6798337622e-17 	1.3937901175e-18 
7.3518735394e+02 	-1.6360245293e-17 	-9.6628195428e-20 
7.3787914461e+02 	-1.5871143305e-17 	-1.5586873940e-18 
7.4056819303e+02 	-1.5333869862e-17 	-2.9887441619e-18 
7.4325449926e+02 	-1.4751306770e-17 	-4.3833951478e-18 
7.4593806463e+02 	-1.4126367286e-17 	-5.7394776555e-18 
7.4861889170e+02 	-1.3508143503e-17 	-7.1167934155e-18 
7.5156464327e+02 	-1.2750643886e-17 	-8.5070069587e-18 
7.5450709272e+02 	-1.1953405396e-17 	-9.8408961650e-18 
7.5744624835e+02 	-1.1120276718e-17 	-1.1115583516e-17 
7.6038212001e+02 	-1.0255075978e-17 	-1.2328525383e-17 
7.6331471911e+02 	-9.3615780135e-18 	-1.3477504468e-17 
7.6624405849e+02 	-8.4435028554e-18 	-1.4560621196e-17 
7.6917015239e+02 	-7.5045053424e-18 	-1.5576284307e-17 
7.7209301636e+02 	-6.5481658596e-18 	-1.6523200721e-17 
7.7501266724e+02 	-5.5779821053e-18 	-1.7400364873e-17 
7.7792912306e+02 	-4.5973619037e-18 	-1.8207047576e-17 
7.8084240299e+02 	-3.6096168598e-18 	-1.8942784599e-17 
7.8375252729e+02 	-2.6179569941e-18 	-1.9607365006e-17 
7.8665951721e+02 	-1.6254860767e-18 	-2.0200819418e-17 
7.8956339499e+02 	-6.3519771244e-19 	-2.0723408207e-17 
7.9246418376e+02 	3.5002789678e-19 	-2.1175609750e-17 
7.9536190750e+02 	1.3274266567e-18 	-2.1558108809e-17 
7.9825659098e+02 	2.2943527802e-18 	-2.1871785023e-17 
8.0114825970e+02 	3.2482805289e-18 	-2.2117701639e-17 
8.0403693988e+02 	4.1868056328e-18 	-2.2297094456e-17 
8.0692265833e+02 	5.1076464131e-18 	-2.2411360985e-17 
8.0980544249e+02 	6.0086446624e-18 	-2.2462049902e-17 
8.1268532032e+02 	6.8877663656e-18 	-2.2450850705e-17 
8.1556232028e+02 	7.7431023011e-18 	-2.2379583640e-17 
8.1843647130e+02 	8.5728685843e-18 	-2.2250189800e-17 
8.2130780272e+02 	9.3754071476e-18 	-2.2064721443e-17 
8.2417634425e+02 	1.0149186238e-17 	-2.1825332432e-17 
8.2704212592e+02 	1.0892800907e-17 	-2.1534268773e-17 
8.2990517811e+02 	1.1604973541e-17 	-2.1193859211e-17 
8.3276553141e+02 	1.2284554399e-17 	-2.0806505844e-17 
8.3562321668e+02 	1.2930522156e-17 	-2.0374674658e-17 
8.3847826498e+02 	1.3541984415e-17 	-1.9900885960e-17 
8.4133070753e+02 	1.3523032770e-17 	-1.9533840095e-17 
8.4446542215e+02 	1.4107051502e-17 	-1.8935916869e-17 
8.4759706370e+02 	1.4648212823e-17 	-1.8296830082e-17 
8.5072567425e+02 	1.5146055942e-17 	-1.7620007894e-17 
8.5385129595e+02 	1.4916955683e-17 	-1.7107853522e-17 
8.5728607808e+02 	1.4606092836e-17 	-1.6528745859e-17 
8.6106028747e+02 	1.5034492986e-17 	-1.5611528045e-17 
8.6483032556e+02 	1.5403580585e-17 	-1.4658433844e-17 
8.6859626710e+02 	1.6471377885e-17 	-1.3417463433e-17 
8.7201635822e+02 	1.7386071298e-17 	-1.2254643310e-17 
8.7512269460e+02 	1.8168762179e-17 	-1.1174694790e-17 
8.7794432827e+02 	1.8277995223e-17 	-1.0384545941e-17 
8.8076379579e+02 	1.8354286168e-17 	-9.5894657225e-18 
8.8358112840e+02 	1.8950003357e-17 	-8.5816116325e-18 
8.8614051345e+02 	1.8958548425e-17 	-7.8542656391e-18 
8.8869818313e+02 	1.8941894580e-17 	-7.1278108999e-18 
8.9125416064e+02 	1.9388086547e-17 	-6.2113761380e-18 
8.9357632760e+02 	1.9325571411e-17 	-5.5562197208e-18 
8.9589713245e+02 	1.9244184000e-17 	-4.9048206334e-18 
8.9821659242e+02 	1.9144657592e-17 	-4.2578387169e-18 
9.0053472462e+02 	1.9027726034e-17 	-3.6158621296e-18 
9.0285154614e+02 	1.8894118587e-17 	-2.9794087796e-18 
9.0516707394e+02 	1.8744554937e-17 	-2.3489284378e-18 
9.0748132492e+02 	1.8579740555e-17 	-1.7248055895e-18 
9.0979431590e+02 	1.8802805525e-17 	-9.4610999217e-19 
9.1189595567e+02 	1.8622594489e-17 	-3.9356424777e-19 
9.1399658046e+02 	1.8431337097e-17 	1.5290821248e-19 
9.1609620271e+02 	1.8229505227e-17 	6.9320111802e-19 
9.1819483482e+02 	1.8364984325e-17 	1.3637399342e-18 
9.2010183335e+02 	1.8159595257e-17 	1.8410400080e-18 
9.2200803298e+02 	1.7946487868e-17 	2.3130425262e-18 
9.2391344290e+02 	1.7725951964e-17 	2.7797552593e-18 
9.2581807224e+02 	1.7798667709e-17 	3.3557355338e-18 
9.2754888375e+02 	1.7582136549e-17 	3.7682878156e-18 
9.2927906446e+02 	1.7360083056e-17 	4.1765224714e-18 
9.3100862115e+02 	1.7396207432e-17 	4.6786064991e-18 
9.3258040959e+02 	1.7419020539e-17 	5.1280371732e-18 
9.3400886971e+02 	1.7218264801e-17 	5.4521208438e-18 
9.3543691617e+02 	1.7417186203e-17 	5.9212319402e-18 
9.3661681033e+02 	1.7242508455e-17 	6.1823455004e-18 
9.3779642663e+02 	1.6876964567e-17 	6.3731805320e-18 
9.3909368616e+02 	1.6476217225e-17 	6.5837022094e-18 
9.4052028961e+02 	1.6037084093e-17 	6.8159399009e-18 
9.4208909546e+02 	1.5556154364e-17 	7.0720946427e-18 
9.4381423347e+02 	1.5029792723e-17 	7.3545264372e-18 
9.4571122926e+02 	1.4739621656e-17 	7.7624219879e-18 
9.4760754615e+02 	1.4163236212e-17 	8.0708578747e-18 
9.4969272087e+02 	1.3837538002e-17 	8.5104775050e-18 
9.5177709592e+02 	1.3207452917e-17 	8.8457411677e-18 
9.5406899837e+02 	1.2842164203e-17 	9.3173538532e-18 
9.5635996191e+02 	1.2154975696e-17 	9.6791611991e-18 
9.5887895513e+02 	1.1407130432e-17 	1.0073701505e-17 
9.6164857982e+02 	1.0957618383e-17 	1.0616908197e-17 
9.6441690152e+02 	1.0147103895e-17 	1.1033960448e-17 
9.6746058131e+02 	9.2700616269e-18 	1.1482219518e-17 
9.7080688495e+02 	8.3243705083e-18 	1.1959826119e-17 
9.7448576079e+02 	8.4557244717e-18 	1.2844592119e-17 
9.7752456763e+02 	7.9285300421e-18 	1.3350221367e-17 
9.8056197440e+02 	7.6869837240e-18 	1.3941087149e-17 
9.8332206614e+02 	7.1863612962e-18 	1.4363857861e-17 
9.8608105271e+02 	6.9272419557e-18 	1.4865678849e-17 
9.8858828386e+02 	6.4562595309e-18 	1.5218447705e-17 
9.9109464009e+02 	5.9828862599e-18 	1.5555919305e-17 
9.9360013955e+02 	5.5076368475e-18 	1.5877694785e-17 
9.9610480025e+02 	5.0310359646e-18 	1.6183390500e-17 
9.9860864011e+02 	4.5536161282e-18 	1.6472640654e-17 
